NC_002516.2
6701 6870
45156 46321
51571 53853
54840 56083
264754 264955
294669 297610
370487 370705
499829 501301
521332 521452
654096 655229
680143 681340
689220 703161
721637 721732
747540 761485
785311 797720
1064232 1068133
1174199 1187273
1245256 1247897
1249635 1249890
1339539 1339660
1340742 1343378
1481084 1489814
1644300 1644573
1695122 1695451
1802527 1803082
2039393 2040130
2057279 2059712
2071798 2076963
2116708 2122520
2158706 2160199
2226248 2229136
2230937 2231639
2311108 2318222
2442736 2451595
2556749 2558383
2640083 2641520
2647641 2648730
2652165 2682631
2722711 2723312
2742801 2743469
2760360 2760479
2760819 2761616
2767432 2769934
2777566 2780480
3043475 3044846
3148253 3148358
3150585 3152542
3173676 3173759
3526341 3547692
3575994 3577091
3646490 3646587
3841768 3843443
3874062 3874636
3899935 3907187
3914109 3930742
3996536 3996744
4008733 4008961
4294209 4297103
4326870 4333205
4376987 4377244
4396404 4396569
4473544 4474915
4502399 4503712
4575823 4575903
4669681 4670120
4713960 4714413
4788595 4794196
5053631 5055625
5069009 5069469
5071541 5072700
5100865 5101242
5188001 5189452
5264156 5269546
5361340 5361440
5382520 5383891
5415029 5415211
5532942 5533050
5726531 5727408
5932970 5933324
6039632 6045030
6090789 6091685
